time,x,y,z,phi,theta,psi,x_velocity,y_velocity,z_velocity,phi_velocity,theta_velocity,psi_velocity,rotor_speed1,rotor_speed2,rotor_speed3,rotor_speed4
0.06,9.30881651824e-08,-9.67715394389e-08,10.0045366211,6.2829433876,6.28292513909,0.0,1.53468886345e-05,-1.47810732313e-05,0.151211945668,-0.0136488956067,-0.0148454573649,0.0,454.01669373294806,452.82433572069647,452.8426486725044,451.7436666875303
0.12000000000000001,9.68166731101e-06,-8.69062831083e-06,10.0161430094,6.28236452546,6.28186820729,0.0,0.000400694068976,-0.000340356247498,0.235653275818,-0.00265290486228,-0.0238275864593,0.0,432.57119465025477,431.8143324991939,431.2817370248774,432.2094259329929
0.18,6.35945104468e-05,-4.5144073356e-05,10.0314562608,6.28217516628,6.28019416286,0.0,0.00153922364894,-0.000890938571986,0.274779197769,-0.0041816866065,-0.037634003241,0.0,417.83837969439736,416.6329193623628,417.2449730978176,417.1115691302943
0.23999999999999996,0.000232965667403,-0.000122375901033,10.052846362,6.2819921617,6.27772569788,0.0,0.00436831731508,-0.00170747030263,0.438174067913,-0.000877679567062,-0.0492841470405,0.0,457.2459632593766,456.31617848451197,456.4376618454085,456.7012843704769
0.3,0.000640208277221,-0.00025383930931,10.0856286618,6.28197608096,6.27445002989,0.0,0.00957384339155,-0.00267858764863,0.654467708307,0.000924372418792,-0.0681880581969,0.0,473.5277364869427,472.06959983649995,472.32806922105755,472.46701063832165
0.36000000000000004,0.00142264050888,-0.000439302619209,10.1291457386,6.28299587116,6.27030698472,0.0,0.0169516187672,-0.0034330157053,0.7960086905,0.0378051962907,-0.0708335421942,0.0,450.800359636381,450.58302696652726,448.5349473115783,451.51977230983204
0.4200000000000001,0.00273694980784,-0.000640318325252,10.1810519508,0.00199039765047,6.26662109316,0.0,0.0272793943105,-0.00302794653643,0.934089084778,0.0332057030254,-0.0472641569034,0.0,448.3011838925738,450.2091212411747,449.94141185944443,449.5695174119743
0.48000000000000015,0.00480976949768,-0.000761569822876,10.2449698989,0.00351524044264,6.26329594399,0.0,0.0421863636478,-0.000782132913443,1.19626477567,0.00140615063967,-0.081469529283,0.0,487.7973332396141,485.2344456202595,487.8174172932943,485.4374046128299
0.5400000000000001,0.00787550480854,-0.000717852396751,10.3247914391,0.00342096921304,6.25839998257,0.0,0.0606189427903,0.00223863805186,1.46413557732,-0.00831367271431,-0.0818601211847,0.0,488.7853115522389,488.75147444841855,489.0511225038202,488.32672342076916
0.6000000000000002,0.0120336078968,-0.000515338689098,10.4152503486,0.00350304757944,6.25320514723,0.0,0.0784848284263,0.00449540946355,1.551033241,0.0158617316564,-0.0982535454393,0.0,435.98120852669797,434.6029534061581,433.5608723531374,435.58712279671977
0.6600000000000003,0.0174440902648,-0.000162506057885,10.5132293783,0.00450995542987,6.24751840444,0.0,0.102501548333,0.00737391470126,1.7146810008,0.0185611086895,-0.088609890784,0.0,458.8705517157517,459.6280342849618,458.85014299668893,459.06427745387975
0.7200000000000003,0.0242901367548,0.000369424234532,10.6174321669,0.00559806956084,6.24191846479,0.0,0.126206640463,0.0104598505029,1.75865716093,0.0172696528021,-0.10501050277,0.0,422.5457424687326,421.12154456406637,421.9202116119102,421.8086618982977
0.7800000000000004,0.0328276326612,0.00112853669387,10.7280246401,0.00635392792001,6.23533297119,0.0,0.159084856088,0.0149451000955,1.92745460812,0.00106564555135,-0.121513431182,0.0,461.5876424735348,460.273184086809,462.51329599977504,461.23531548698935
0.8400000000000004,0.0433458748961,0.00215104333786,10.8457849105,0.00632179138272,6.22827895589,0.0,0.192215711106,0.0191391926157,1.99772846241,-0.00394785202645,-0.110662113812,0.0,431.1674057991605,432.0702170381374,431.2323791200298,430.8087103050658
0.9000000000000005,0.0561620931116,0.00344287280455,10.9708432357,0.00609683909537,6.22211037217,0.0,0.235691302464,0.0238934942759,2.17052404003,-0.00335481654908,-0.0905027908245,0.0,462.35668052575215,463.9331713463943,464.03469868593277,464.0813198067655
0.9600000000000005,0.0716658222014,0.00500921398389,11.1053375887,0.005664472862,6.21645745258,0.0,0.281679012726,0.0282831663059,2.3123006353,-0.0163068620504,-0.102918846316,0.0,456.23400223844226,455.2342583859947,454.65142599882984,453.6126680721915
1.0200000000000005,0.0898601219289,0.00681074159745,11.2454634305,0.00423306605499,6.20974366817,0.0,0.325382232137,0.0316608512214,2.35841841044,-0.0466019419639,-0.143653044767,0.0,426.81124576907587,423.3075248728759,426.8356805417559,424.24218902309633
1.0800000000000005,0.111183264279,0.00880017597099,11.3932691714,0.00197352267295,6.20076927971,0.0,0.386388046132,0.034357864095,2.5679016288,-0.0240247917467,-0.165300376146,0.0,476.4255106167767,474.74770593490473,476.0544311654733,477.778118093175
1.1400000000000006,0.136159611629,0.0108977914007,11.5509348808,0.000361032391329,6.19036968634,0.0,0.447186108652,0.0354026309297,2.68724222927,-0.0332892703222,-0.198569991238,0.0,451.49342665536983,448.77150266830444,450.61687192175594,449.8671752420236
1.2000000000000006,0.16462296994,0.0130221538918,11.7116543235,6.28196761549,6.17852306471,0.0,0.502598310046,0.0352603841831,2.66999751285,-0.0151127613091,-0.195284709593,0.0,406.3242718285823,406.5765821256821,405.56713768612195,407.1961519524339
1.2600000000000007,0.197448357707,0.0151048287837,11.879124681,6.28199172844,6.16620452574,0.0,0.592952634016,0.034122021555,2.91157622644,0.0207276947765,-0.255288482401,0.0,489.98122476957775,485.45822377301147,486.4473552394371,489.12380637550933
1.3200000000000007,0.234956420341,0.0171367828606,12.0522208545,0.000255413633953,6.15054169156,0.0,0.65855194101,0.033717240407,2.85825117403,0.0302394706829,-0.276165432156,0.0,397.861246998086,395.86663115180335,394.1898196343567,395.06799780100704
1.3800000000000008,0.277569168962,0.019173600433,12.2287819383,0.00154528138622,6.1335471167,0.0,0.763677186025,0.0343641344121,3.02637715218,-0.00847255877128,-0.303646339331,0.0,469.3102688561913,467.0941172921557,469.4498007981781,466.4363141332195
1.4400000000000008,0.326381130657,0.0212643296053,12.4121290063,0.00163944137109,6.11528930758,0.0,0.865098518007,0.0353112127566,3.08470400002,0.0164697112061,-0.30562700277,0.0,436.081197684709,435.81932651656484,433.81438605129455,435.9037687781453
1.5000000000000009,0.382093108352,0.023423085315,12.6015837526,0.00259979343283,6.09687594946,0.0,0.99387424538,0.0367515955045,3.22962445957,0.015061704115,-0.30953423209,0.0,463.40106600144685,463.001884427231,464.39479644471436,464.28423317987904
1.560000000000001,0.445792833714,0.025687597525,12.7989138699,0.00408595179248,6.07847214577,0.0,1.13129125916,0.0388598628907,3.34723418882,0.0392906785446,-0.301653207715,0.0,457.1521897452945,457.68667124736066,455.8715785265825,457.80365242572014
1.620000000000001,0.518091634228,0.0281145794844,13.0030694779,0.00690076974707,6.06019300749,0.0,1.28044464844,0.0423063289304,3.45710446205,0.0589384627841,-0.311429908443,0.0,457.02985424021233,456.15776452553985,455.55584762915163,457.12546835776806
1.680000000000001,0.59951566822,0.030803972174,13.2128375881,0.0103377421045,6.04194613263,0.0,1.43540801751,0.0476778717002,3.53436511909,0.0537486864095,-0.292502517095,0.0,446.9939974770723,448.4398413117132,448.50870414623654,448.0892046421661
1.740000000000001,0.690636320835,0.033884105916,13.4273215547,0.0133480289723,6.02471687514,0.0,1.60354570008,0.0552935681176,3.61425128465,0.0418374366096,-0.278188812531,0.0,450.42241161821966,451.4959639661956,450.7219137958793,449.7597040660805
1.8000000000000012,0.791814491822,0.0374587721513,13.6451310967,0.0157997948232,6.00812662805,0.0,1.77048999394,0.0640800882956,3.6453765795,0.0388390445638,-0.273338465522,0.0,436.1978108081772,436.5238072494309,436.9228992550523,436.6737352511093
1.8600000000000012,0.904087519841,0.041648685656,13.8674418485,0.0183716979025,5.99187934553,0.0,1.97344792253,0.0758231680045,3.76387289955,0.0498961472804,-0.266131223302,0.0,466.5775798348968,467.06973196910417,465.2625453348875,466.1283967000584
1.9200000000000013,1.02776686153,0.0465290372544,14.0931062364,0.02111322641,5.97560297653,0.0,2.15048878891,0.0870920901564,3.75764731896,0.0355789155828,-0.284269310847,0.0,428.1970886308414,426.5728817091851,429.1454930754652,427.92965011748174
1.9800000000000013,1.1631454901,0.0521829830155,14.3207883251,0.0238617982569,5.95838829807,0.0,2.36359840502,0.101593854694,3.83068052845,0.0609159948172,-0.292785693662,0.0,455.90889412590474,455.14635950047676,455.072323965707,457.0972212146197
2.0400000000000014,1.31082881056,0.0587052853634,14.5503417911,0.0279003330787,5.94108269825,0.0,2.56053646472,0.116128688499,3.82033414159,0.0777324928492,-0.280904640344,0.0,430.37236875421985,431.28943736942483,429.38998906129177,430.8178654659214
2.1000000000000014,1.47259818824,0.0663288155365,14.7846818538,0.0329767431448,5.92449420647,0.0,2.83322988895,0.13848914195,3.98931075566,0.0956673033992,-0.268846114651,0.0,489.36469612211846,490.1918200826048,489.8476085407974,491.18462087382096
2.1600000000000015,1.64971633547,0.075285329635,15.0253898475,0.0386874865976,5.9084203037,0.0,3.07193570344,0.160558614901,4.03314790614,0.0941850018888,-0.266071321345,0.0,453.92305184506375,454.07495174675813,454.23250474618817,454.12109332731643
2.2200000000000015,1.84072710484,0.0855980136684,15.2667979783,0.0446814628739,5.8926544372,0.0,3.2962139055,0.183654925215,4.01292121614,0.109393318365,-0.256870052567,0.0,434.3727741426042,435.0725130402037,434.6178425481568,435.89952835866626
2.2800000000000016,2.04678157056,0.0975442660814,15.5101016702,0.0510507821671,5.87710106777,0.0,3.57337119612,0.215129660384,4.09572187904,0.0987394779834,-0.264388281117,0.0,472.37348014220356,471.72987729178715,471.3660474808061,470.5510330701889
2.3400000000000016,2.26996314865,0.111523450648,15.7587038829,0.0574870523043,5.8609675433,0.0,3.86711289019,0.251384862364,4.18935106507,0.120409174879,-0.279874314596,0.0,479.2101598371362,477.96363153517206,477.1513584403839,478.8120161091774
2.4000000000000017,2.50940272388,0.127587950036,16.0090734779,0.0646155242378,5.84407042255,0.0,4.11528559462,0.284626429152,4.15523777999,0.115399322184,-0.285348268556,0.0,438.805409454372,438.2690649559655,440.0961787575092,439.69408910942883
2.4600000000000017,2.76412480478,0.145775414723,16.2575461907,0.0717832267978,5.82669674207,0.0,4.37651516883,0.322129693645,4.12599342715,0.126544205296,-0.299673818596,0.0,443.9327742854276,442.6696688191575,443.2871507108334,444.21497707681834
2.520000000000002,3.03278415041,0.166029665448,16.5000842227,0.0794267127398,5.80923474159,0.0,4.5798234364,0.35345780885,3.95818301181,0.129032544329,-0.277782745072,0.0,393.2078442325261,395.1324855325453,395.101082527717,395.34749670007966
2.580000000000002,3.31475211273,0.18839637683,16.7342234827,0.086751056661,5.79259560754,0.0,4.82002796138,0.392572817702,3.84566421129,0.102145395299,-0.276409122102,0.0,417.2649317560349,417.3015574943063,418.6909886761147,416.3588205825143
2.640000000000002,3.61211674536,0.213327513383,16.9629338025,0.0926794799318,5.77596483838,0.0,5.09298372643,0.438832224926,3.77688061794,0.0911238766886,-0.278762632476,0.0,436.29322639849244,436.01728128495955,436.00717370649863,435.09377234881606
2.700000000000002,3.92712090909,0.241286848467,17.1892282295,0.0986350920251,5.75873172312,0.0,5.40794882513,0.493487528337,3.76466529025,0.11191854391,-0.315032685747,0.0,461.8254358864842,458.8720680401069,457.0041676161698,458.666930725747
2.760000000000002,4.2615354155,0.272658078368,17.4150404234,0.10535761634,5.7402307496,0.0,5.74005902173,0.552614282619,3.76051279222,0.112287769843,-0.297558825495,0.0,466.0982267634003,467.3696664937893,465.18900040742193,465.2284405254153
2.820000000000002,4.61203931662,0.306955489454,17.6336818445,0.112006190237,5.72207411472,0.0,5.94426392763,0.590952674869,3.52721953209,0.107678923811,-0.315308425936,0.0,381.9461994428708,380.13818865936264,382.03001387971244,381.60324570191074
2.880000000000002,4.97732762045,0.344036208427,17.8419534529,0.118154741494,5.70307577673,0.0,6.23278965461,0.645368817835,3.41385430244,0.0892493134297,-0.31943437913,0.0,430.6942577451753,430.2389254915045,434.01281808978405,432.4721522139117
2.940000000000002,5.36015460352,0.384448476057,18.0432662819,0.123094441464,5.68417027786,0.0,6.5288144273,0.701904855414,3.29520944024,0.0625627411293,-0.307595670554,0.0,431.88611665647926,432.77904782164245,435.3863417752547,433.1527419721428
3.000000000000002,5.76367220515,0.428786611811,18.2412201605,0.127365793065,5.66590773025,0.0,6.92218653816,0.776091720168,3.30088498934,0.0844443809717,-0.298622679565,0.0,483.03808213744134,483.62807379324687,482.64419567178237,484.2965133373922
3.0600000000000023,6.18953196643,0.47735558538,18.4371869232,0.132365533147,5.6484790948,0.0,7.27348196719,0.843016443058,3.22948217964,0.0810009200525,-0.277825559286,0.0,459.7720899720923,461.3341981896877,461.1951544773569,460.9284142626102
3.1200000000000023,6.63484667144,0.529666093093,18.6262526678,0.137402493117,5.63218089081,0.0,7.57067494611,0.900819827297,3.07153460683,0.0892723903247,-0.261504401293,0.0,430.80328808748465,432.10421777919447,430.89822716576975,431.6030689636964
3.1800000000000024,7.09869892656,0.585593907221,18.8064433402,0.14233144811,5.6163711425,0.0,7.8912208098,0.963590799252,2.93345535978,0.0614756873025,-0.267799341255,0.0,442.27601000313797,441.68661702651247,444.5403502699132,442.2613387057572
3.2400000000000024,7.58262407897,0.645455839193,18.9790870262,0.146700111681,5.59998908718,0.0,8.23963321492,1.03184194348,2.81965714329,0.0891087102511,-0.286339498739,0.0,457.1133783759237,455.55923891587463,455.0727325230918,457.2836477821952
3.3000000000000025,8.08711262908,0.709364316205,19.1441410595,0.15272183968,5.58303646466,0.0,8.57667372345,1.09856708231,2.6804946253,0.11657018418,-0.275880653156,0.0,450.72507599986676,451.49007890148914,449.163731659991,451.3941909369456
3.3600000000000025,8.61047156063,0.777064150411,19.2989420314,0.159862079061,5.56630425564,0.0,8.86871143931,1.1583073042,2.47837732005,0.123470362355,-0.285624772151,0.0,429.0525453904418,428.1420551252083,428.2872215142268,428.8871660259481
3.4200000000000026,9.15017748723,0.848173663461,19.4400395691,0.166929943167,5.55002515044,0.0,9.121661712,1.21223174674,2.22411555719,0.102959852967,-0.252115702952,0.0,406.9330034381354,409.8394818842362,409.52505299765767,407.7094580671726
3.4800000000000026,9.70888980636,0.923262723073,19.5698798227,0.173405913163,5.53584333871,0.0,9.50153206317,1.29084170231,2.10203248035,0.116372024793,-0.215861651924,0.0,467.1152216665054,469.88053242503736,468.46566377373915,469.51720012774274
3.5400000000000027,10.2862691332,1.00234726331,19.6878016965,0.180097581934,5.52234246532,0.0,9.74441724696,1.34553159092,1.82827398053,0.0994684615054,-0.258209105735,0.0,407.72818519970207,403.86702523425896,407.27504747581696,405.77191785085074
3.6000000000000028,10.8793716662,1.08496880606,19.790383372,0.186650560845,5.50682857697,0.0,10.0254749759,1.40863714043,1.59012463144,0.123774648492,-0.259284247473,0.0,424.56536082473303,424.40237387713614,424.2438906327841,426.3373225637498
3.660000000000003,11.4921807557,1.17195041207,19.881344915,0.194330984682,5.49115661091,0.0,10.4007507018,1.49084010222,1.43996695356,0.135347710423,-0.265324875077,0.0,468.1281627511289,467.5927008120344,467.3280873483132,468.2435790648508
3.720000000000003,12.1271015699,1.26383520077,19.9626589233,0.202387931935,5.47475639406,0.0,10.7625092946,1.57207474992,1.2685888069,0.132064530178,-0.29845595284,0.0,465.6282788405916,462.95421297458,464.49101122597165,464.24914056320847
3.780000000000003,12.7805772391,1.36003064075,20.0305078887,0.210273124145,5.4565736264,0.0,11.0197707775,1.63454072316,0.991971784663,0.13009980356,-0.314287416593,0.0,421.674568758182,420.2042677779178,420.70135755180326,420.54805857349
3.840000000000003,13.451034737,1.46029823154,20.082966622,0.217855899162,5.43771510192,0.0,11.3282253039,1.707704449,0.754977291329,0.117657650382,-0.314351307993,0.0,444.1750399635503,444.06876888822575,444.72597242906136,443.7197452414166
3.900000000000003,14.1406177816,1.56509163604,20.1215077029,0.224508548464,5.41898185918,0.0,11.6570601438,1.78530207064,0.527847159371,0.0917306151114,-0.308277829783,0.0,454.73678825484114,455.1261261587088,455.0332770914998,452.96240608332056
3.960000000000003,14.8526051282,1.67505201586,20.1483992941,0.230416112172,5.40011773435,0.0,12.0743668141,1.87971030521,0.365803830468,0.109327481157,-0.330858805692,0.0,492.1822037302125,490.4157630378035,490.69182438563087,492.0040692175715
4.020000000000002,15.5894115445,1.79062517531,20.1650743918,0.237101472689,5.38029813058,0.0,12.4842599613,1.97238034596,0.187166004773,0.115311128735,-0.329286174272,0.0,492.5315285036208,492.54766513062424,492.01085658132456,492.46349799361445
4.080000000000001,16.3439904427,1.9104873701,20.1655171323,0.244029371038,5.36047859026,0.0,12.6681224357,2.02300857849,-0.173068418267,0.115770611507,-0.332483766014,0.0,406.3493440133159,405.93918863455156,407.1221643438798,407.1765411653947
4.14,17.1172239413,2.03478346172,20.149809504,0.250962183387,5.34133872889,0.0,13.1042123364,2.11974521243,-0.353617603126,0.115096021659,-0.300571287927,0.0,503.94588407358725,506.15606211367555,505.29539891725176,505.2569098261512
4.199999999999998,17.9120289415,2.16404544439,20.1197576877,0.257777679744,5.32368452795,0.0,13.3880855398,2.18878811267,-0.649610085125,0.110402039869,-0.283909233243,0.0,454.25953334367256,455.5081494644516,455.76439502087646,455.40001474605276
4.259999999999997,18.7235183365,2.29739153361,20.0715862098,0.264665649693,5.30631079567,0.0,13.660323467,2.25588237128,-0.957453979346,0.122389510478,-0.304298509026,0.0,455.51655946005985,453.798337795929,452.81011484117346,453.78531663354124
4.319999999999996,19.5501387878,2.43455381107,20.0040509713,0.272216965742,5.28801138043,0.0,13.8926426197,2.31602195724,-1.29486349641,0.132009051598,-0.306407094854,0.0,441.96962765299315,441.7002359903911,441.87064362678694,442.67780765897305
4.379999999999995,20.3903290887,2.57526281168,19.9159462845,0.280606207486,5.26944627832,0.0,14.1126250198,2.37411049305,-1.643051742,0.152073720742,-0.316227001615,0.0,440.4640997152754,439.5517142831031,439.4207138597248,441.0998575647066
4.439999999999993,21.2438592436,2.71948535261,19.8069424435,0.28960466718,5.25070610794,0.0,14.337129544,2.43310814554,-1.99162709773,0.145411161805,-0.305527729613,0.0,444.8839850487707,445.6601024741466,444.32224805263604,443.7965252064949
4.499999999999992,22.1105683191,2.86720023108,19.6767670704,0.297961682914,5.23293103211,0.0,14.5518970982,2.49051015724,-2.34860991941,0.122776077906,-0.282252605331,0.0,443.13645751180417,444.9565527476067,445.34140591179136,443.50269719606797
4.559999999999991,22.9880688683,3.01800726602,19.5239758318,0.305428802445,5.21546846663,0.0,14.6973810456,2.53627332468,-2.74481174695,0.127606121066,-0.321193776258,0.0,423.43975028260246,419.97997094024913,420.81759130680786,421.25072791478283
4.6199999999999894,23.8759905337,3.17183510198,19.3482829657,0.312743306954,5.19631308143,0.0,14.8985852734,2.59099318908,-3.11270434807,0.106981869715,-0.315648190122,0.0,444.13602299976617,444.48657989762086,444.9403894017145,443.2608828843526
4.679999999999988,24.7726059853,3.32838001695,19.1487740276,0.318936837536,5.1770012386,0.0,14.9880943216,2.62702120338,-3.53774374542,0.0944007165977,-0.338669172519,0.0,407.00342247785846,404.8180826222926,406.25740449429577,405.137276256542
4.739999999999987,25.6838622951,3.48851609827,18.9281463893,0.324391864056,5.15660486858,0.0,15.3835638714,2.70992238474,-3.81928155994,0.082841957752,-0.34260131169,0.0,512.7542458093658,512.3727262685427,513.2174650620582,512.4016512507465
4.799999999999986,26.6117341518,3.65247451308,18.6872234597,0.329406783082,5.1368289698,0.0,15.5440242081,2.7549257961,-4.21234255212,0.0850214990741,-0.311640038658,0.0,443.0103955576928,445.43749630392733,442.4574734800304,442.64271677773513
4.859999999999984,27.5509168022,3.81933694619,18.4233978072,0.334176859772,5.11807422012,0.0,15.7599463565,2.8066157655,-4.58299984823,0.0651921204381,-0.314521413541,0.0,465.82333336356083,465.50285551321895,466.62966810308944,465.082796173169
4.919999999999983,28.5038998071,3.98936764444,18.1376184241,0.337948419472,5.09906992686,0.0,16.003585104,2.86040942333,-4.94434788635,0.0577323009627,-0.321573418634,0.0,480.4402856014908,479.81043302082617,479.1668989632006,478.60164093262114
4.979999999999982,29.4723977671,4.16268082006,17.8304265187,0.342209909687,5.08051997153,0.0,16.2766115825,2.91594121577,-5.29696672237,0.0892966413062,-0.291794219617,0.0,492.7208472381815,494.83045583632014,493.5240554904521,495.85279573414977
5.0399999999999805,30.4531448526,4.33872948818,17.5005119607,0.347477728658,5.06301649259,0.0,16.4132801841,2.95194355619,-5.70070120403,0.0846173468761,-0.29158621552,0.0,456.9816414281608,456.9143113937377,457.37723344236497,457.0102968791716
